version https://git-lfs.github.com/spec/v1
oid sha256:aef3dcd1b9c257168745bfa9179e6de0dee539326cb50903d0fe136ed3287b56
size 56012
