version https://git-lfs.github.com/spec/v1
oid sha256:1d76a335b1d73ef3642e1782a6f5662bc221d5f1b447c4ea0961848c35689d76
size 175118
